V 54
K 1
D 0 -2794000 4318000 0
Y 1
U 3937000 762000 254000 0 2 3 REFDES=IC?
U 3937000 508000 254000 0 2 3 DEVICE=NEO-F10N-00B
U 3937000 254000 254000 0 2 0 PKG_TYPE=NEOF10N00B
U 3937000 0 254000 0 2 0 Description=GNSS / GPS Modules u-blox F10 GNSS module Flash, TCXO, SAW, LNA LCC, 12x16 mm, 250 pcs/reel
U 3937000 -254000 254000 0 2 0 Datasheet Link=https://content.u-blox.com/sites/default/files/documents/NEO-F10N_DataSheet_UBX-23002117.pdf
U 3937000 -508000 254000 0 2 0 Height=2.6
U 3937000 -762000 254000 0 2 0 Mouser Part Number=377-NEO-F10N-00B
U 3937000 -1016000 254000 0 2 0 Mouser Price/Stock=https://www.mouser.co.uk/ProductDetail/u-blox/NEO-F10N-00B?qs=Imq1NPwxi76uVH%2FItRhLgw%3D%3D
U 3937000 -1270000 254000 0 2 0 Manufacturer_Name=u-blox
U 3937000 -1524000 254000 0 2 0 Manufacturer_Part_Number=NEO-F10N-00B
U 0 0 254000 0 1 0 FORWARD_PCB=1
l 5 508000 254000 3810000 254000 3810000 -3048000 508000 -3048000 508000 254000
|GRPHSTL -1 -1 -1 1
P 1 4318000 -2794000 3810000 -2794000 0 3 0
L 3733800 -2794000 228600 0 8 0 1 0 SAFEBOOT_N
A 3962400 -2743200 203200 0 3 3 #=1
A 0 0 9 0 3 0 PINTYPE=BI
P 2 4318000 -2540000 3810000 -2540000 0 3 0
L 3733800 -2540000 228600 0 8 0 1 0 RESERVED_1
A 3962400 -2489200 203200 0 3 3 #=2
A 0 0 9 0 3 0 PINTYPE=BI
P 3 4318000 -2286000 3810000 -2286000 0 3 0
L 3733800 -2286000 228600 0 8 0 1 0 TIMEPULSE
A 3962400 -2235200 203200 0 3 3 #=3
A 0 0 9 0 3 0 PINTYPE=BI
P 4 4318000 -2032000 3810000 -2032000 0 3 0
L 3733800 -2032000 228600 0 8 0 1 0 EXTINT
A 3962400 -1981200 203200 0 3 3 #=4
A 0 0 9 0 3 0 PINTYPE=BI
P 5 4318000 -1778000 3810000 -1778000 0 3 0
L 3733800 -1778000 228600 0 8 0 1 0 RESERVED_2
A 3962400 -1727200 203200 0 3 3 #=5
A 0 0 9 0 3 0 PINTYPE=BI
P 6 4318000 -1524000 3810000 -1524000 0 3 0
L 3733800 -1524000 228600 0 8 0 1 0 RESERVED_3
A 3962400 -1473200 203200 0 3 3 #=6
A 0 0 9 0 3 0 PINTYPE=BI
P 7 4318000 -1270000 3810000 -1270000 0 3 0
L 3733800 -1270000 228600 0 8 0 1 0 RESERVED_4
A 3962400 -1219200 203200 0 3 3 #=7
A 0 0 9 0 3 0 PINTYPE=BI
P 8 4318000 -1016000 3810000 -1016000 0 3 0
L 3733800 -1016000 228600 0 8 0 1 0 RESET_N
A 3962400 -965200 203200 0 3 3 #=8
A 0 0 9 0 3 0 PINTYPE=BI
P 9 4318000 -762000 3810000 -762000 0 3 0
L 3733800 -762000 228600 0 8 0 1 0 VCC_RF
A 3962400 -711200 203200 0 3 3 #=9
A 0 0 9 0 3 0 PINTYPE=BI
P 10 4318000 -508000 3810000 -508000 0 3 0
L 3733800 -508000 228600 0 8 0 1 0 GND_1
A 3962400 -457200 203200 0 3 3 #=10
A 0 0 9 0 3 0 PINTYPE=BI
P 11 4318000 -254000 3810000 -254000 0 3 0
L 3733800 -254000 228600 0 8 0 1 0 RF_IN
A 3962400 -203200 203200 0 3 3 #=11
A 0 0 9 0 3 0 PINTYPE=BI
P 12 4318000 0 3810000 0 0 3 0
L 3733800 0 228600 0 8 0 1 0 GND_2
A 3962400 50800 203200 0 3 3 #=12
A 0 0 9 0 3 0 PINTYPE=BI
P 13 0 0 508000 0 0 2 0
L 584200 0 228600 0 2 0 1 0 GND_3
A 355600 50800 203200 0 9 3 #=13
A 0 0 9 0 3 0 PINTYPE=BI
P 14 0 -254000 508000 -254000 0 2 0
L 584200 -254000 228600 0 2 0 1 0 LNA_EN
A 355600 -203200 203200 0 9 3 #=14
A 0 0 9 0 3 0 PINTYPE=BI
P 15 0 -508000 508000 -508000 0 2 0
L 584200 -508000 228600 0 2 0 1 0 RESERVED_5
A 355600 -457200 203200 0 9 3 #=15
A 0 0 9 0 3 0 PINTYPE=BI
P 16 0 -762000 508000 -762000 0 2 0
L 584200 -762000 228600 0 2 0 1 0 RESERVED_6
A 355600 -711200 203200 0 9 3 #=16
A 0 0 9 0 3 0 PINTYPE=BI
P 17 0 -1016000 508000 -1016000 0 2 0
L 584200 -1016000 228600 0 2 0 1 0 RESERVED_7
A 355600 -965200 203200 0 9 3 #=17
A 0 0 9 0 3 0 PINTYPE=BI
P 18 0 -1270000 508000 -1270000 0 2 0
L 584200 -1270000 228600 0 2 0 1 0 RESERVED_8
A 355600 -1219200 203200 0 9 3 #=18
A 0 0 9 0 3 0 PINTYPE=BI
P 19 0 -1524000 508000 -1524000 0 2 0
L 584200 -1524000 228600 0 2 0 1 0 RESERVED_9
A 355600 -1473200 203200 0 9 3 #=19
A 0 0 9 0 3 0 PINTYPE=BI
P 20 0 -1778000 508000 -1778000 0 2 0
L 584200 -1778000 228600 0 2 0 1 0 TXD
A 355600 -1727200 203200 0 9 3 #=20
A 0 0 9 0 3 0 PINTYPE=BI
P 21 0 -2032000 508000 -2032000 0 2 0
L 584200 -2032000 228600 0 2 0 1 0 RXD
A 355600 -1981200 203200 0 9 3 #=21
A 0 0 9 0 3 0 PINTYPE=BI
P 22 0 -2286000 508000 -2286000 0 2 0
L 584200 -2286000 228600 0 2 0 1 0 V_BCKP
A 355600 -2235200 203200 0 9 3 #=22
A 0 0 9 0 3 0 PINTYPE=BI
P 23 0 -2540000 508000 -2540000 0 2 0
L 584200 -2540000 228600 0 2 0 1 0 VCC
A 355600 -2489200 203200 0 9 3 #=23
A 0 0 9 0 3 0 PINTYPE=BI
P 24 0 -2794000 508000 -2794000 0 2 0
L 584200 -2794000 228600 0 2 0 1 0 GND_4
A 355600 -2743200 203200 0 9 3 #=24
A 0 0 9 0 3 0 PINTYPE=BI
E
