V 54
K 1
D 0 -3556000 4064000 2286000
Y 1
U 3683000 2286000 254000 0 2 3 REFDES=AC?
U 3683000 2032000 254000 0 2 3 DEVICE=H3LIS331DLTR
U 3683000 1778000 254000 0 2 0 PKG_TYPE=LIS3DHTR
U 3683000 1524000 254000 0 2 0 Description=Accelerometers Low Pwr Hi G 3-axis Digital Acceleromtr
U 3683000 1270000 254000 0 2 0 Datasheet Link=https://www.st.com/resource/en/datasheet/h3lis331dl.pdf
U 3683000 1016000 254000 0 2 0 Height=1
U 3683000 762000 254000 0 2 0 Mouser Part Number=511-H3LIS331DLTR
U 3683000 508000 254000 0 2 0 Mouser Price/Stock=https://www.mouser.co.uk/ProductDetail/STMicroelectronics/H3LIS331DLTR?qs=TAo1I7FhABsAZFqkqNUSRA%3D%3D
U 3683000 254000 254000 0 2 0 Manufacturer_Name=STMicroelectronics
U 3683000 0 254000 0 2 0 Manufacturer_Part_Number=H3LIS331DLTR
U 0 0 254000 0 1 0 FORWARD_PCB=1
l 5 508000 1778000 3556000 1778000 3556000 -3048000 508000 -3048000 508000 1778000
|GRPHSTL -1 -1 -1 1
P 1 0 0 508000 0 0 2 0
L 584200 0 228600 0 2 0 1 0 VDD_IO
A 355600 50800 203200 0 9 3 #=1
A 0 0 9 0 3 0 PINTYPE=POWER
P 2 0 -254000 508000 -254000 0 2 0
L 584200 -254000 228600 0 2 0 1 0 NC_1
A 355600 -203200 203200 0 9 3 #=2
A 0 0 9 0 3 0 PINTYPE=BI
P 3 0 -508000 508000 -508000 0 2 0
L 584200 -508000 228600 0 2 0 1 0 NC_2
A 355600 -457200 203200 0 9 3 #=3
A 0 0 9 0 3 0 PINTYPE=BI
P 4 0 -762000 508000 -762000 0 2 0
L 584200 -762000 228600 0 2 0 1 0 SCL_SPC
A 355600 -711200 203200 0 9 3 #=4
A 0 0 9 0 3 0 PINTYPE=BI
P 5 0 -1016000 508000 -1016000 0 2 0
L 584200 -1016000 228600 0 2 0 1 0 GND_1
A 355600 -965200 203200 0 9 3 #=5
A 0 0 9 0 3 0 PINTYPE=GROUND
P 6 1778000 -3556000 1778000 -3048000 0 1 0
L 1778000 -2971800 228600 1 2 0 1 0 SDA_SDI_SDO
A 1727200 -3200400 203200 1 9 3 #=6
A 0 0 9 0 3 0 PINTYPE=BI
P 7 2032000 -3556000 2032000 -3048000 0 1 0
L 2032000 -2971800 228600 1 2 0 1 0 SDO_SA0
A 1981200 -3200400 203200 1 9 3 #=7
A 0 0 9 0 3 0 PINTYPE=BI
P 8 2286000 -3556000 2286000 -3048000 0 1 0
L 2286000 -2971800 228600 1 2 0 1 0 CS
A 2235200 -3200400 203200 1 9 3 #=8
A 0 0 9 0 3 0 PINTYPE=IN
P 9 4064000 -1016000 3556000 -1016000 0 3 0
L 3479800 -1016000 228600 0 8 0 1 0 INT2
A 3708400 -965200 203200 0 3 3 #=9
A 0 0 9 0 3 0 PINTYPE=IN
P 10 4064000 -762000 3556000 -762000 0 3 0
L 3479800 -762000 228600 0 8 0 1 0 RESERVED_1
A 3708400 -711200 203200 0 3 3 #=10
A 0 0 9 0 3 0 PINTYPE=BI
P 11 4064000 -508000 3556000 -508000 0 3 0
L 3479800 -508000 228600 0 8 0 1 0 INT1
A 3708400 -457200 203200 0 3 3 #=11
A 0 0 9 0 3 0 PINTYPE=IN
P 12 4064000 -254000 3556000 -254000 0 3 0
L 3479800 -254000 228600 0 8 0 1 0 GND_2
A 3708400 -203200 203200 0 3 3 #=12
A 0 0 9 0 3 0 PINTYPE=GROUND
P 13 4064000 0 3556000 0 0 3 0
L 3479800 0 228600 0 8 0 1 0 GND_3
A 3708400 50800 203200 0 3 3 #=13
A 0 0 9 0 3 0 PINTYPE=GROUND
P 14 2286000 2286000 2286000 1778000 0 0 0
L 2286000 1701800 228600 1 8 0 1 0 VDD
A 2235200 1930400 203200 1 3 3 #=14
A 0 0 9 0 3 0 PINTYPE=POWER
P 15 2032000 2286000 2032000 1778000 0 0 0
L 2032000 1701800 228600 1 8 0 1 0 RESERVED_2
A 1981200 1930400 203200 1 3 3 #=15
A 0 0 9 0 3 0 PINTYPE=BI
P 16 1778000 2286000 1778000 1778000 0 0 0
L 1778000 1701800 228600 1 8 0 1 0 GND_4
A 1727200 1930400 203200 1 3 3 #=16
A 0 0 9 0 3 0 PINTYPE=GROUND
E
